59331
 0.0 1
0
0.0 0.0088 0
0
0.1277 0.0175 2
0
0.1964 0.0263 2
0
0.0066 0.0351 1
0
0.8951 0.0439 1
1
0.0 0.0526 1
0
0.0 0.0614 0
0
0.0 0.0702 1
0
0.0 0.0789 0
0
0.0 0.0877 1
0
0.0 0.0965 0
0
0.2083 0.1053 0
0
0.0 0.114 0
0
0.0 0.1228 0
0
0.2676 0.1316 2
0
0.0 0.1404 1
0
0.0 0.1491 1
0
0.0 0.1579 0
0
0.0 0.1667 1
0
0.0 0.1754 0
0
0.0 0.1842 1
0
0.0 0.193 0
0
0.0 0.2018 1
0
0.0 0.2105 0
0
0.0 0.2193 1
0
0.0 0.2281 0
0
0.0 0.2368 1
0
0.0 0.2456 0
0
0.0 0.2544 1
0
0.0 0.2632 0
0
0.0 0.2719 1
0
0.0 0.2807 0
0
0.0 0.2895 1
0
0.0 0.2982 0
0
0.0 0.307 1
0
0.0 0.3158 0
0
0.0 0.3246 1
0
0.0 0.3333 0
0
0.0 0.3421 1
0
0.0 0.3509 0
0
0.0 0.3596 1
0
0.0 0.3684 0
0
0.0 0.3772 1
0
0.0 0.386 0
0
0.0 0.3947 1
0
0.843 0.4035 0
1
0.0 0.4123 1
0
0.893 0.4211 0
1
0.0 0.4298 1
0
0.3846 0.4386 0
0
0.3793 0.4474 2
0
0.0 0.4561 1
0
0.3684 0.4649 0
0
0.5965 0.4737 0
0
0.0 0.4825 1
0
0.2258 0.4912 0
0
0.3379 0.5 2
0
0.0 0.5088 1
0
0.1724 0.5175 0
0
0.508 0.5263 2
1
0.0 0.5351 1
0
0.3684 0.5439 0
0
0.3231 0.5526 2
0
0.0 0.5614 1
0
0.25 0.5702 0
0
0.5306 0.5789 0
0
0.0 0.5877 1
0
0.3171 0.5965 0
0
0.3908 0.6053 2
0
0.0 0.614 1
0
0.4286 0.6228 0
0
0.7051 0.6316 0
0
0.0 0.6404 1
0
0.3514 0.6491 0
0
0.716 0.6579 0
0
0.0 0.6667 1
0
0.3684 0.6754 0
0
0.7229 0.6842 0
0
0.0 0.693 1
0
0.4894 0.7018 0
0
0.7051 0.7105 0
0
0.0 0.7193 1
0
0.2941 0.7281 0
0
0.716 0.7368 0
0
0.0 0.7456 1
0
0.3846 0.7544 0
0
0.3943 0.7632 2
0
0.0 0.7719 1
0
0.4783 0.7807 0
0
0.2983 0.7895 1
0
0.0 0.7982 1
0
0.2727 0.807 0
0
0.374 0.8158 2
0
0.0 0.8246 1
0
0.3846 0.8333 0
0
0.5208 0.8421 0
0
0.0 0.8509 1
0
0.25 0.8596 0
0
0.6406 0.8684 0
0
0.0 0.8772 1
0
0.2258 0.886 0
0
0.6714 0.8947 0
0
0.125 0.9035 0
0
0.125 0.9123 0
0
0.125 0.9211 0
0
0.125 0.9298 0
0
0.125 0.9386 0
0
0.1084 0.9474 1
0
0.13 0.9561 1
0
0.2258 0.9649 1
0
0.1165 0.9737 1
0
0.6575 0.9825 0
0
0.875 0.9912 0
0
0.7308 0.0 0
0
0.0073 0.0476 1
0
0.9655 0.0952 0
1
0.7195 0.1429 1
1
0.3333 0.1905 0
0
0.3333 0.2381 0
0
0.9797 0.2857 0
1
0.9764 0.3333 0
1
0.9866 0.381 0
1
0.979 0.4286 0
1
0.9807 0.4762 0
1
0.9764 0.5238 0
1
0.9763 0.5714 0
1
0.2328 0.619 1
0
0.3333 0.6667 0
0
0.3333 0.7143 0
0
0.3 0.7619 0
0
0.3 0.8095 0
0
0.3 0.8571 0
0
0.3 0.9048 0
0
0.5382 0.9524 3
0
0.3099 0.0 1
0
0.4444 0.0053 2
0
0.125 0.0106 0
0
0.6917 0.016 3
1
0.4267 0.0213 0
0
0.0436 0.0266 3
0
0.4444 0.0319 2
0
0.125 0.0372 0
0
0.7315 0.0426 1
1
0.4267 0.0479 0
0
0.7082 0.0532 1
0
0.0445 0.0585 3
0
0.4118 0.0638 3
0
0.125 0.0691 0
0
0.7023 0.0745 3
1
0.4267 0.0798 0
0
0.0443 0.0851 3
0
0.4944 0.0904 2
0
0.8409 0.0957 0
0
0.7207 0.1011 3
1
0.4267 0.1064 0
0
0.7094 0.1117 1
0
0.0447 0.117 3
0
0.4356 0.1223 2
0
0.125 0.1277 0
0
0.7278 0.133 1
1
0.4267 0.1383 0
0
0.0442 0.1436 3
0
0.4356 0.1489 2
0
0.125 0.1543 0
0
0.7246 0.1596 1
1
0.4267 0.1649 0
0
0.7082 0.1702 1
0
0.0441 0.1755 3
0
0.4114 0.1809 3
0
0.125 0.1862 0
0
0.7032 0.1915 1
1
0.4267 0.1968 0
0
0.0435 0.2021 3
0
0.4536 0.2074 2
0
0.125 0.2128 0
0
0.6899 0.2181 1
1
0.4267 0.2234 0
0
0.7106 0.2287 1
0
0.0434 0.234 3
0
0.449 0.2394 2
0
0.125 0.2447 0
0
0.7333 0.25 1
1
0.4267 0.2553 0
0
0.0446 0.2606 3
0
0.4356 0.266 2
0
0.125 0.2713 0
0
0.4267 0.2819 0
0
0.7106 0.2872 1
0
0.0439 0.2926 3
0
0.4731 0.2979 2
0
0.125 0.3032 0
0
0.733 0.3085 1
1
0.4267 0.3138 0
0
0.0445 0.3191 3
0
0.4444 0.3245 2
0
0.125 0.3298 0
0
0.6974 0.3351 1
1
0.4267 0.3404 0
0
0.0432 0.3457 3
0
0.4731 0.3511 2
0
0.125 0.3564 0
0
0.7278 0.3617 1
1
0.4267 0.367 0
0
0.0442 0.3723 3
0
0.4536 0.3777 2
0
0.125 0.383 0
0
0.7139 0.3883 3
1
0.4267 0.3936 0
0
0.0446 0.3989 3
0
0.4536 0.4043 2
0
0.125 0.4096 0
0
0.6995 0.4149 3
1
0.4267 0.4202 0
0
0.0439 0.4255 3
0
0.4632 0.4309 2
0
0.125 0.4362 0
0
0.7204 0.4415 1
1
0.4267 0.4468 0
0
0.044 0.4521 3
0
0.4356 0.4574 2
0
0.125 0.4628 0
0
0.687 0.4681 3
1
0.4267 0.4734 0
0
0.0433 0.4787 3
0
0.449 0.484 2
0
0.125 0.4894 0
0
0.7132 0.4947 1
1
0.4267 0.5 0
0
0.7031 0.5053 1
0
0.0436 0.5106 3
0
0.4356 0.516 2
0
0.125 0.5213 0
0
0.7342 0.5266 1
1
0.4267 0.5319 0
0
0.0446 0.5372 3
0
0.4356 0.5426 2
0
0.125 0.5479 0
0
0.7154 0.5532 1
1
0.4267 0.5585 0
0
0.0438 0.5638 3
0
0.4681 0.5691 2
0
0.125 0.5745 0
0
0.7204 0.5798 3
1
0.4267 0.5851 0
0
0.0448 0.5904 3
0
0.44 0.5957 2
0
0.125 0.6011 0
0
0.7042 0.6064 1
1
0.4267 0.6117 0
0
0.0433 0.617 3
0
0.4444 0.6223 2
0
0.125 0.6277 0
0
0.8923 0.633 0
1
0.4267 0.6383 0
0
0.7056 0.6436 1
0
0.0441 0.6489 3
0
0.4944 0.6543 2
0
0.7941 0.6596 0
0
0.7263 0.6649 1
1
0.4267 0.6702 0
0
0.0442 0.6755 3
0
0.4944 0.6809 2
0
0.7879 0.6862 0
0
0.7039 0.6915 3
1
0.4267 0.6968 0
0
0.7082 0.7021 1
0
0.044 0.7074 3
0
0.4944 0.7128 2
0
0.7813 0.7181 0
0
0.7166 0.7234 1
1
0.4267 0.7287 0
0
0.0439 0.734 3
0
0.3849 0.7394 4
0
0.125 0.7447 0
0
0.728 0.75 1
1
0.4267 0.7553 0
0
0.0444 0.7606 3
0
0.449 0.766 2
0
0.125 0.7713 0
0
0.7324 0.7766 1
1
0.4267 0.7819 0
0
0.0444 0.7872 3
0
0.449 0.7926 2
0
0.125 0.7979 0
0
0.7162 0.8032 3
1
0.4267 0.8085 0
0
0.0446 0.8138 3
0
0.4356 0.8191 2
0
0.125 0.8245 0
0
0.7132 0.8298 1
1
0.4267 0.8351 0
0
0.0436 0.8404 3
0
0.4314 0.8457 2
0
0.125 0.8511 0
0
0.7297 0.8564 1
1
0.4267 0.8617 0
0
0.0443 0.867 3
0
0.4632 0.8723 2
0
0.125 0.8777 0
0
0.6997 0.883 3
1
0.4267 0.8883 0
0
0.0439 0.8936 3
0
0.44 0.8989 2
0
0.125 0.9043 0
0
0.7358 0.9096 0
1
0.4267 0.9149 0
0
0.6987 0.9202 1
0
0.0442 0.9255 3
0
0.4944 0.9309 2
0
0.7941 0.9362 0
0
0.7093 0.9415 3
1
0.4267 0.9468 0
0
0.0444 0.9521 3
0
0.7312 0.9574 0
0
0.2442 0.9628 2
0
0.6111 0.9681 0
0
0.65 0.9734 0
0
0.5625 0.9787 0
0
0.9125 0.984 0
1
0.2838 0.9894 2
0
0.9628 0.9947 0
0
0.4512 0.0 14
1
0.0 0.04 0
0
0.0 0.08 0
0
0.6566 0.12 5
1
0.6602 0.16 4
1
0.6749 0.2 1
1
0.5582 0.24 4
1
0.4648 0.28 2
1
0.566 0.32 2
1
0.59 0.36 1
1
0.9884 0.4 0
1
0.8243 0.44 2
1
0.5459 0.48 6
1
0.9736 0.52 0
1
0.5347 0.56 4
1
0.6324 0.6 2
1
0.6251 0.64 4
1
0.9195 0.68 0
1
0.566 0.72 2
1
0.465 0.76 1
1
0.484 0.8 3
1
0.8679 0.84 0
1
0.8217 0.88 1
1
0.9521 0.92 0
1
0.4471 0.96 2
1
0.523 0.0 5
1
0.125 0.0069 0
0
0.0 0.0138 1
0
0.125 0.0207 0
0
0.626 0.0276 2
1
0.8595 0.0345 2
1
0.6916 0.0414 1
1
0.8583 0.0483 1
1
0.0 0.0552 1
0
0.125 0.0621 0
0
0.9774 0.069 0
1
0.9743 0.0759 0
1
0.125 0.0828 0
0
0.125 0.0897 0
0
0.6499 0.0966 2
0
0.04 0.1034 1
0
0.7 0.1103 2
1
0.125 0.1172 0
0
0.98 0.1241 0
1
0.7783 0.131 2
1
0.04 0.1379 1
0
0.6936 0.1448 3
1
0.04 0.1517 1
0
0.8012 0.1586 1
1
0.268 0.1655 2
1
0.125 0.1724 0
0
0.8231 0.1793 2
1
0.125 0.1862 0
0
0.9671 0.1931 0
1
0.125 0.2 0
0
0.125 0.2069 0
0
0.7169 0.2138 1
1
0.125 0.2207 0
0
0.125 0.2276 0
0
0.9722 0.2345 0
1
0.9833 0.2414 0
1
0.125 0.2483 0
0
0.0 0.2552 1
0
0.125 0.2621 0
0
0.982 0.269 0
1
0.9841 0.2759 0
1
0.125 0.2828 0
0
0.125 0.2897 0
0
0.874 0.2966 1
1
0.125 0.3034 0
0
0.125 0.3103 0
0
0.0 0.3172 1
0
0.04 0.3241 1
0
0.8699 0.331 1
1
0.04 0.3379 1
0
0.4282 0.3448 6
0
0.125 0.3517 0
0
0.0 0.3586 1
0
0.125 0.3655 0
0
0.4464 0.3724 6
0
0.04 0.3793 1
0
0.5461 0.3862 4
0
0.125 0.3931 0
0
0.6959 0.4 5
0
0.6884 0.4069 1
0
0.9707 0.4138 0
0
0.517 0.4207 1
0
0.0 0.4276 1
0
0.9702 0.4345 1
1
0.9793 0.4414 0
0
0.125 0.4483 0
0
0.125 0.4552 0
0
0.04 0.4621 1
0
0.6923 0.469 1
0
0.5458 0.4759 1
0
0.6962 0.4828 1
0
0.125 0.4897 0
0
0.6603 0.4966 3
1
0.5267 0.5034 5
0
0.9646 0.5103 0
1
0.9673 0.5172 0
1
0.9825 0.5241 0
1
0.7407 0.531 0
0
0.125 0.5379 0
0
0.0069 0.5448 2
0
0.9344 0.5517 1
1
0.04 0.5586 1
0
0.125 0.5655 0
0
0.7793 0.5724 1
1
0.9761 0.5793 0
1
0.125 0.5862 0
0
0.9837 0.5931 0
1
0.9739 0.6 0
1
0.125 0.6069 0
0
0.04 0.6138 1
0
0.125 0.6207 0
0
0.9813 0.6276 0
1
0.9493 0.6345 0
1
0.982 0.6414 0
1
0.125 0.6483 0
0
0.9662 0.6552 0
1
0.9689 0.6621 0
1
0.125 0.669 0
0
0.04 0.6759 1
0
0.125 0.6828 0
0
0.8155 0.6897 2
1
0.125 0.6966 0
0
0.0554 0.7034 2
0
0.125 0.7103 0
0
0.9855 0.7172 0
1
0.125 0.7241 0
0
0.8318 0.731 1
1
0.125 0.7379 0
0
0.3863 0.7448 5
0
0.7576 0.7517 1
0
0.9697 0.7586 0
1
0.105 0.7655 2
0
0.125 0.7724 0
0
0.986 0.7793 0
1
0.125 0.7862 0
0
0.6204 0.7931 2
0
0.125 0.8 0
0
0.9859 0.8069 0
1
0.125 0.8138 0
0
0.8355 0.8207 1
1
0.125 0.8276 0
0
0.0 0.8345 1
0
0.125 0.8414 0
0
0.5932 0.8483 1
0
0.125 0.8552 0
0
0.7511 0.8621 2
1
0.125 0.869 0
0
0.92 0.8759 1
1
0.125 0.8828 0
0
0.721 0.8897 2
1
0.125 0.8966 0
0
0.7303 0.9034 1
1
0.125 0.9103 0
0
0.7991 0.9172 2
1
0.125 0.9241 0
0
0.6464 0.931 4
0
0.93 0.9379 0
0
0.0 0.9448 1
0
0.0186 0.9517 7
0
0.2108 0.9586 3
0
0.86 0.9655 0
0
0.0 0.9724 0
0
0.4182 0.9793 0
0
0.0 0.9862 1
0
0.0 0.9931 1
0
0.1962 0.0 3
0
0.7879 0.0769 0
0
0.9637 0.1538 0
1
0.8353 0.2308 1
1
0.7231 0.3077 1
1
0.9815 0.3846 0
1
0.6561 0.4615 2
1
0.9029 0.5385 1
1
0.7307 0.6154 1
1
0.8969 0.6923 2
1
0.0 0.7692 0
0
0.8177 0.8462 0
0
0.1122 0.9231 2
0
0.7178 0.0 1
1
0.5895 0.5 1
0
0.9994 0.0 0
0
0.1807 0.0 1
0
0.3556 0.04 0
0
0.3208 0.08 0
0
0.2768 0.12 0
0
0.29 0.16 1
0
0.2857 0.2 0
0
0.96 0.24 0
1
0.9626 0.28 0
1
0.963 0.32 0
1
0.2704 0.36 1
0
0.9602 0.4 0
0
0.9391 0.44 0
1
0.9263 0.48 0
1
0.9655 0.52 0
1
0.9593 0.56 0
1
0.9613 0.6 0
1
0.8704 0.64 0
1
0.9551 0.68 0
1
0.9421 0.72 0
1
0.9327 0.76 0
1
0.9581 0.8 0
1
0.947 0.84 0
1
0.9426 0.88 0
1
0.3684 0.92 1
0
0.0 0.96 1
0
0.0 0.0 1
0
0.6 0.0256 1
0
0.7176 0.0513 1
0
0.7302 0.1026 0
1
0.9352 0.1282 0
1
0.9157 0.1538 0
1
0.9563 0.1795 0
1
0.9683 0.2051 0
1
0.9652 0.2308 0
1
0.8852 0.2564 0
1
0.9662 0.2821 0
1
0.9573 0.3077 0
1
0.9386 0.3333 0
1
0.9286 0.359 0
1
0.932 0.3846 0
1
0.951 0.4103 0
1
0.9407 0.4359 0
1
0.9744 0.4615 0
1
0.98 0.4872 0
1
0.9805 0.5128 0
1
0.9728 0.5385 0
1
0.9588 0.5641 0
1
0.9694 0.5897 0
1
0.9478 0.6154 0
1
0.3956 0.641 1
0
0.9054 0.6667 0
1
0.9611 0.6923 0
1
0.9557 0.7179 0
1
0.9527 0.7436 0
1
0.9485 0.7692 0
1
0.3736 0.7949 1
0
0.3512 0.8205 1
0
0.3663 0.8462 1
0
0.3626 0.8718 1
0
0.9186 0.8974 0
0
0.9307 0.9231 0
0
0.4462 0.9487 2
0
0.9318 0.9744 1
1
0.9303 0.0 2
1
0.863 0.0455 2
0
0.0 0.0909 0
0
0.5 0.1364 0
0
0.8053 0.1818 3
1
0.0082 0.2273 1
0
0.125 0.2727 0
0
0.1875 0.3182 1
0
0.7083 0.3636 0
0
0.9913 0.4091 0
1
0.8793 0.4545 0
1
0.9554 0.5 1
1
0.9857 0.5455 0
1
0.8942 0.5909 1
1
0.9364 0.6364 0
1
0.0 0.6818 1
0
0.9823 0.7273 0
1
0.9797 0.7727 0
1
0.936 0.8182 3
1
0.9614 0.8636 1
1
0.346 0.9091 5
0
0.6527 0.9545 1
0
